30902 	 175	3174 	 56	26142 	 646  \\	
29854 	 172	2460 	 49	29780 	 741  \\	
15432 	 124	1918 	 43	32728 	 701  \\	
13588 	 116	1284 	 35	31044 	 767  \\	
5096  	 71	590  	 24	13807 	 409  \\	
3128  	 55	292  	 17	10368 	 424  \\	
			
			
29954 	 173	3069 	 55	16298 	  12            \\	
29248 	 171	2440 	 49	33183 	  15            \\	
14344 	 120	1590 	 40	6943  	 32            \\	
12709 	 113	1146 	 34	12941 	  29            \\	
2948  	 54 	 370 	 19	1324  	 19           \\	
2037  	 45 	 208 	 14	1848  	 18           \\	
			
			
439  	 21	82  	 9 	730  	 15  \\	
252  	 16	38  	 6 	5839 	  19  \\	
1777 	 42	287 	 17	1404 	  22 \\	
972  	 31	129 	 11	826  	 19  \\	
1447 	 38	204 	 14	1244 	  18 \\	
742  	 27	86  	 9 	991  	 13  \\	
